5 0.00353666 0.00440979 0.00583915 0.0268185 0.959396
5 0.00719531 0.0171403 0.0113378 0.077363 0.886964
5 0.00998414 0.0250069 0.0160034 0.125768 0.823238
5 0.00104137 0.000190675 0.00361198 0.00126539 0.993891
5 0.00412259 0.0116335 0.00569327 0.0251009 0.95345
5 0.00117686 0.000101654 0.0075042 0.000518576 0.990699
5 0.0014297 0.000136623 0.0130142 0.000258726 0.985161
4 0.0420269 0.194836 0.0615534 0.410398 0.291186
5 0.000324924 0.00176103 0.00268887 0.00236466 0.992861
5 0.00137391 0.000117107 0.00541258 0.00094521 0.992151
5 0.00458188 0.00697739 0.00681327 0.0357696 0.945858
5 0.00901564 0.0036427 0.0786479 0.00232729 0.906366
5 0.00120328 0.000222107 0.00334224 0.00177387 0.993459
5 0.00129814 0.000116794 0.0107772 0.000332244 0.987476
5 0.00116484 0.000100913 0.00897287 0.000371458 0.98939
